6
2 3 4 5 6 7 8 9 10 11 12 13 14 2 3 4 5 6 7 8 9 10 11 12 13 14
2 3 4 5 6 7 8 9 10 11 12 13 14 2 3 4 5 6 7 8 9 10 11 12 13 14
2 2 3 3 4 4 5 5 6 6 7 7 8 8 9 9 10 10 11 11 12 14 12 14 13 13
3 3 4 4 5 5 6 6 7 7 8 8 9 9 10 10 11 11 13 13 12 2 12 2 14 14
13 12 13 3 3 4 4 5 5 6 6 7 7 8 8 9 9 10 10 11 11 12 2 14 2 14
13 13 12 2 2 3 3 4 4 5 5 6 6 7 7 8 8 9 9 10 10 11 11 14 12 14
4 13 14 4 11 6 11 12 12 6 6 2 13 4 14 3 12 2 7 9 3 8 13 7 10 10 
8 8 9 7 5 4 11 12 5 10 11 14 7 13 10 3 8 2 2 5 6 14 5 9 3 9 
6 9 8 4 13 7 4 10 13 3 5 2 13 5 2 12 8 7 3 14 11 11 4 11 6 12 
9 12 12 9 14 8 10 11 7 2 6 14 4 10 6 2 13 10 7 5 9 5 14 3 8 3 
14 14 4 3 7 11 5 8 12 13 10 3 5 9 8 12 3 13 4 13 6 6 7 12 3 11 
2 8 7 2 5 7 2 10 11 14 9 9 5 12 4 11 6 13 2 10 8 9 4 14 6 10
